30
26192
9144
4327
25585
6723
15670
12389
18673
1092
19327
4878
13526
22058
24795
19874
21996
12980
18332
22172
14095
15113
22204
26811
2130
32281
4175
24515
19908
29444
27608
25815
5855
11106
25536
3048
22115
14137
12678
12936
11656
26693
25484
12505
15304
32046
13237
28804
2972
20761
28074
3509
15813
5063
11958
26695
17911
5901
5122
19711
19282
10005
30866
616
21393
2489
8542
22825
23737
10390
27246
1503
18232
29562
28693
5050
14222
10393
2430
28802
2643
9417
23695
30527
8922
26694
3803
9383
10077
8447
2055
11812
577
21979
18271
20308
26588
19724
10509
16557
29718
7807
20604
13924
5921
5329
17386
31138
15369
18592
14419
30649
24067
27837
4839
10487
12032
25303
25177
7697
6496
6413
18678
17364
19366
11124
6629
16735
25299
13134
28512
25815
13204
22472
13284
5610
21393
30339
16300
30871
8962
12263
13541
25467
19988
22164
13126
31711
17938
7628
